/*
 * const_params.c
 *
 * Academic License - for use in teaching, academic research, and meeting
 * course requirements at degree granting institutions only.  Not for
 * government, commercial, or other organizational use.
 *
 * Code generation for model "FSW_Lib".
 *
 * Model version              : 1.375
 * Simulink Coder version : 9.4 (R2020b) 29-Jul-2020
 * C source code generated on : Tue Mar 29 09:22:04 2022
 */
#include "rtwtypes.h"

extern const real_T rtCP_pooled_0RsXyt3gOemN[12];
const real_T rtCP_pooled_0RsXyt3gOemN[12] = { 0.92050485345244037, 0.0,
  0.39073112848927377, 0.0, 0.92050485345244037, 0.39073112848927377,
  -0.92050485345244037, 0.0, 0.39073112848927377, 0.0, -0.92050485345244037,
  0.39073112848927377 } ;

extern const real_T rtCP_pooled_1flyXRJuZEb5[9];
const real_T rtCP_pooled_1flyXRJuZEb5[9] = { 1.0, 0.0, 0.0, 0.0, 1.0, 0.0, 0.0,
  0.0, 1.0 } ;

extern const real_T rtCP_pooled_8C7XRlVrxmwu[9];
const real_T rtCP_pooled_8C7XRlVrxmwu[9] = { 0.70710678118654757,
  0.70710678118654757, 0.0, -0.70710678118654757, 0.70710678118654757, 0.0, 0.0,
  0.0, 1.0 } ;

extern const real_T rtCP_pooled_DECzJ8kbJsmr[9];
const real_T rtCP_pooled_DECzJ8kbJsmr[9] = { 0.0, 1.0, 0.0, -1.0, 0.0, 0.0, 0.0,
  0.0, 1.0 } ;

extern const real_T rtCP_pooled_Da55ZxuBKuX2[36];
const real_T rtCP_pooled_Da55ZxuBKuX2[36] = { 3.1622776601683795E-5, 0.0, 0.0,
  0.0, 0.0, 0.0, 0.0, 3.1622776601683795E-5, 0.0, 0.0, 0.0, 0.0, 0.0, 0.0,
  3.1622776601683795E-5, 0.0, 0.0, 0.0, 0.0, 0.0, 0.0, 3.1622776601683795E-5,
  0.0, 0.0, 0.0, 0.0, 0.0, 0.0, 3.1622776601683795E-5, 0.0, 0.0, 0.0, 0.0, 0.0,
  0.0, 3.1622776601683795E-5 } ;

extern const real_T rtCP_pooled_FEWufo6vVHrj[9];
const real_T rtCP_pooled_FEWufo6vVHrj[9] = { -1.0, -0.0, -0.0, -0.0, -1.0, -0.0,
  -0.0, -0.0, -1.0 } ;

extern const real_T rtCP_pooled_IugXtwH1hUEH[9];
const real_T rtCP_pooled_IugXtwH1hUEH[9] = { 0.0, 0.0, 0.0, 0.0, 0.0, 0.0, 0.0,
  0.0, 0.0 } ;

extern const real_T rtCP_pooled_OaIvzZJq11xx[9];
const real_T rtCP_pooled_OaIvzZJq11xx[9] = { -1.0, 0.0, 0.0, 0.0, 0.0, 1.0, 0.0,
  1.0, 0.0 } ;

extern const real_T rtCP_pooled_XbqcqNJ2ZmJp[3];
const real_T rtCP_pooled_XbqcqNJ2ZmJp[3] = { -2.3001101957947267E+6,
  -3.6379646810316811E+6, 4.6911641847676542E+6 } ;

extern const real_T rtCP_pooled_ZfDBypHgOeGj[9];
const real_T rtCP_pooled_ZfDBypHgOeGj[9] = { 0.0, -1.0, 0.0, 1.0, 0.0, 0.0, 0.0,
  0.0, 1.0 } ;

extern const real_T rtCP_pooled_bcm7XKCpCVMK[9];
const real_T rtCP_pooled_bcm7XKCpCVMK[9] = { 0.0118206435013,
  0.00043170726620000006, -7.3061275000000005E-6, 0.00043170726620000006,
  0.0116363514485, -9.29219316E-5, -7.3061275000000005E-6, -9.29219316E-5,
  0.0060345844268 } ;

extern const real_T rtCP_pooled_gvk5RxEQBycj[9];
const real_T rtCP_pooled_gvk5RxEQBycj[9] = { -0.0041792285888789622,
  -0.00015263156770876305, 2.583106149731759E-6, -0.00015263156770876305,
  -0.0041140715087521276, 3.2852863977656267E-5, 2.583106149731759E-6,
  3.2852863977656267E-5, -0.0021335477849165076 } ;

extern const real_T rtCP_pooled_nw91sARCHMv7[9];
const real_T rtCP_pooled_nw91sARCHMv7[9] = { 0.002127715830234,
  7.7707307916000023E-5, -1.3151029500000002E-6, 7.7707307916000023E-5,
  0.0020945432607300004, -1.6725947688E-5, -1.3151029500000002E-6,
  -1.6725947688E-5, 0.0010862251968240001 } ;

extern const real_T rtCP_pooled_pT9epSenClvy[9];
const real_T rtCP_pooled_pT9epSenClvy[9] = { 0.00011820643501300003,
  4.3170726620000016E-6, -7.3061275000000013E-8, 4.3170726620000016E-6,
  0.00011636351448500002, -9.2921931600000012E-7, -7.3061275000000013E-8,
  -9.2921931600000012E-7, 6.0345844268000013E-5 } ;

extern const real_T rtCP_pooled_t5FveOUIZnGM[36];
const real_T rtCP_pooled_t5FveOUIZnGM[36] = { 1.5812376481731011E-6, 0.0, 0.0,
  1.1857800136281222E-9, 0.0, 0.0, 0.0, 1.5812376481731011E-6, 0.0, 0.0,
  1.1857800136281222E-9, 0.0, 0.0, 0.0, 1.5812376481731011E-6, 0.0, 0.0,
  1.1857800136281222E-9, 0.0, 0.0, 0.0, 1.2246874673058134E-7, 0.0, 0.0, 0.0,
  0.0, 0.0, 0.0, 1.2246874673058134E-7, 0.0, 0.0, 0.0, 0.0, 0.0, 0.0,
  1.2246874673058134E-7 } ;

extern const real_T rtCP_pooled_uDf9ehs6U9ET[36];
const real_T rtCP_pooled_uDf9ehs6U9ET[36] = { 0.0011252273833675241, 0.0, 0.0,
  0.0, 0.0, 0.0, 0.0, 0.0011252273833675241, 0.0, 0.0, 0.0, 0.0, 0.0, 0.0,
  0.0011252273833675241, 0.0, 0.0, 0.0, 0.0, 0.0, 0.0, 2.700435E-7, 0.0, 0.0,
  0.0, 0.0, 0.0, 0.0, 1.6147E-7, 0.0, 0.0, 0.0, 0.0, 0.0, 0.0,
  1.1605070000000001E-7 } ;

extern const real_T rtCP_pooled_uv7hk0fZE2Lw[9];
const real_T rtCP_pooled_uv7hk0fZE2Lw[9] = { 0.002, 0.0, 0.0, 0.0, 0.002, 0.0,
  0.0, 0.0, 0.002 } ;
